0 0 95.1229
0 20 75.111
0 40 55.1139
0 60 35.2273
0 80 16.7433
0 100 4.46778
0 120 0.958326
0 140 0.183082
0 160 0.0321958
0 180 0.00514844
0 200 0

0.1 0 95.5997
0.1 20 75.5889
0.1 40 55.5907
0.1 60 35.674
0.1 80 16.9507
0.1 100 4.22384
0.1 120 0.828642
0.1 140 0.142453
0.1 160 0.0221331
0.1 180 0.00307135
0.1 200 0

0.2 0 96.0789
0.2 20 76.0693
0.2 40 56.0703
0.2 60 36.1286
0.2 80 17.175
0.2 100 3.95099
0.2 120 0.698264
0.2 140 0.105893
0.2 160 0.0141467
0.2 180 0.00163619
0.2 200 0

0.3 0 96.5605
0.3 20 76.5521
0.3 40 56.5526
0.3 60 36.5908
0.3 80 17.4188
0.3 100 3.64495
0.3 120 0.568813
0.3 140 0.0740422
0.3 160 0.00817429
0.3 180 0.000739016
0.3 200 0

0.4 0 97.0446
0.4 20 77.0372
0.4 40 57.0375
0.4 60 37.0605
0.4 80 17.6851
0.4 100 3.30068
0.4 120 0.44247
0.4 140 0.0475012
0.4 160 0.00406811
0.4 180 0.000255609
0.4 200 0

0.5 0 97.531
0.5 20 77.5249
0.5 40 57.525
0.5 60 37.537
0.5 80 17.9774
0.5 100 2.91216
0.5 120 0.322148
0.5 140 0.0267653
0.5 160 0.00158294
0.5 180 5.18478e-05
0.5 200 0

0.6 0 98.0199
0.6 20 78.0149
0.6 40 58.015
0.6 60 38.0201
0.6 80 18.2999
0.6 100 2.47228
0.6 120 0.211721
0.6 140 0.0121136
0.6 160 0.000371669
0.6 180 0
0.6 200 0

0.7 0 98.5112
0.7 20 78.5075
0.7 40 58.5075
0.7 60 38.5088
0.7 80 18.6572
0.7 100 1.97247
0.7 120 0.116323
0.7 140 0.00344138
0.7 160 0
0.7 180 0
0.7 200 0

0.8 0 99.005
0.8 20 79.0025
0.8 40 59.0025
0.8 60 39.0025
0.8 80 19.055
0.8 100 1.4025
0.8 120 0.04275
0.8 140 0
0.8 160 0
0.8 180 0
0.8 200 0

0.9 0 99.5012
0.9 20 79.5
0.9 40 59.5
0.9 60 39.5
0.9 80 19.5
0.9 100 0.75
0.9 120 0
0.9 140 0
0.9 160 0
0.9 180 0
0.9 200 0

1 0 100
1 20 80
1 40 60
1 60 40
1 80 20
1 100 0
1 120 0
1 140 0
1 160 0
1 180 0
1 200 0

