0 0 0
0 6.66667 1.68284e-15
0 13.3333 1.07374e-12
0 20 2.03491e-10
0 26.6667 1.68769e-08
0 33.3333 7.29978e-07
0 40 1.82526e-05
0 46.6667 0.000282962
0 53.3333 0.00286884
0 60 0.019907
0 66.6667 0.0986607
0 73.3333 0.364422
0 80 1.04732
0 86.6667 2.44284
0 93.3333 4.80876
0 100 8.26729
0 106.667 12.7741
0 113.333 18.1569
0 120 24.186
0 126.667 30.6367
0 133.333 37.3265
0 140 44.1274
0 146.667 50.9602
0 153.333 57.7832
0 160 64.579
0 166.667 71.344
0 173.333 78.0817
0 180 84.7981
0 186.667 91.4993
0 193.333 98.1908
0 200 104.877

0.0333333 0 0
0.0333333 6.66667 8.27674e-16
0.0333333 13.3333 5.71767e-13
0.0333333 20 1.16763e-10
0.0333333 26.6667 1.03907e-08
0.0333333 33.3333 4.8031e-07
0.0333333 40 1.27848e-05
0.0333333 46.6667 0.000210127
0.0333333 53.3333 0.00224857
0.0333333 60 0.0163851
0.0333333 66.6667 0.0847847
0.0333333 73.3333 0.324882
0.0333333 80 0.962158
0.0333333 86.6667 2.29778
0.0333333 93.3333 4.60472
0.0333333 100 8.02093
0.0333333 106.667 12.5099
0.0333333 113.333 17.8974
0.0333333 120 23.9459
0.0333333 126.667 30.4213
0.0333333 133.333 37.1347
0.0333333 140 43.9539
0.0333333 146.667 50.7991
0.0333333 153.333 57.6291
0.0333333 160 64.4279
0.0333333 166.667 71.1933
0.0333333 173.333 77.9301
0.0333333 180 84.6448
0.0333333 186.667 91.3441
0.0333333 193.333 98.0338
0.0333333 200 104.718

0.0666667 0 0
0.0666667 6.66667 3.89371e-16
0.0666667 13.3333 2.92981e-13
0.0666667 20 6.48084e-11
0.0666667 26.6667 6.21644e-09
0.0666667 33.3333 3.08342e-07
0.0666667 40 8.76873e-06
0.0666667 46.6667 0.0001533
0.0666667 53.3333 0.0017367
0.0666667 60 0.0133266
0.0666667 66.6667 0.0721823
0.0666667 73.3333 0.287596
0.0666667 80 0.879439
0.0666667 86.6667 2.15381
0.0666667 93.3333 4.39937
0.0666667 100 7.77108
0.0666667 106.667 12.2413
0.0666667 113.333 17.6341
0.0666667 120 23.7033
0.0666667 126.667 30.2052
0.0666667 133.333 36.9432
0.0666667 140 43.7815
0.0666667 146.667 50.6392
0.0666667 153.333 57.476
0.0666667 160 64.2774
0.0666667 166.667 71.043
0.0666667 173.333 77.7785
0.0666667 180 84.4914
0.0666667 186.667 91.1888
0.0666667 193.333 97.8766
0.0666667 200 104.559

0.1 0 0
0.1 6.66667 1.74209e-16
0.1 13.3333 1.43789e-13
0.1 20 3.4661e-11
0.1 26.6667 3.60242e-09
0.1 33.3333 1.92616e-07
0.1 40 5.87627e-06
0.1 46.6667 0.000109678
0.1 53.3333 0.00131981
0.1 60 0.0106978
0.1 66.6667 0.0608231
0.1 73.3333 0.252616
0.1 80 0.799338
0.1 86.6667 2.01114
0.1 93.3333 4.19273
0.1 100 7.51757
0.1 106.667 11.9681
0.1 113.333 17.3668
0.1 120 23.4584
0.1 126.667 29.9884
0.1 133.333 36.7524
0.1 140 43.6103
0.1 146.667 50.4805
0.1 153.333 57.3239
0.1 160 64.1277
0.1 166.667 70.893
0.1 173.333 77.627
0.1 180 84.3379
0.1 186.667 91.0333
0.1 193.333 97.7192
0.1 200 104.4

0.133333 0 0
0.133333 6.66667 7.36141e-17
0.133333 13.3333 6.72107e-14
0.133333 20 1.77806e-11
0.133333 26.6667 2.0145e-09
0.133333 33.3333 1.16723e-07
0.133333 40 3.83777e-06
0.133333 46.6667 7.67894e-05
0.133333 53.3333 0.000985205
0.133333 60 0.00846399
0.133333 66.6667 0.0506708
0.133333 73.3333 0.219988
0.133333 80 0.722037
0.133333 86.6667 1.86996
0.133333 93.3333 3.98485
0.133333 100 7.26021
0.133333 106.667 11.6899
0.133333 113.333 17.0953
0.133333 120 23.2109
0.133333 126.667 29.771
0.133333 133.333 36.5623
0.133333 140 43.4405
0.133333 146.667 50.3234
0.133333 153.333 57.173
0.133333 160 63.9786
0.133333 166.667 70.7433
0.133333 173.333 77.4754
0.133333 180 84.1842
0.133333 186.667 90.8774
0.133333 193.333 97.5614
0.133333 200 104.241

0.166667 0 0
0.166667 6.66667 2.91268e-17
0.166667 13.3333 2.97165e-14
0.166667 20 8.70052e-12
0.166667 26.6667 1.08222e-09
0.166667 33.3333 6.8365e-08
0.166667 40 2.43539e-06
0.166667 46.6667 5.2484e-05
0.166667 53.3333 0.000720947
0.166667 60 0.00658968
0.166667 66.6667 0.0416823
0.166667 73.3333 0.18975
0.166667 80 0.647726
0.166667 86.6667 1.73052
0.166667 93.3333 3.77579
0.166667 100 6.99879
0.166667 106.667 11.4065
0.166667 113.333 16.8192
0.166667 120 22.9609
0.166667 126.667 29.5531
0.166667 133.333 36.3731
0.166667 140 43.2724
0.166667 146.667 50.1678
0.166667 153.333 57.0233
0.166667 160 63.8302
0.166667 166.667 70.5938
0.166667 173.333 77.3238
0.166667 180 84.0302
0.166667 186.667 90.7213
0.166667 193.333 97.4034
0.166667 200 104.081

0.2 0 0
0.2 6.66667 1.06745e-17
0.2 13.3333 1.23229e-14
0.2 20 4.0338e-12
0.2 26.6667 5.55507e-10
0.2 33.3333 3.85327e-08
0.2 40 1.49635e-06
0.2 46.6667 3.4918e-05
0.2 53.3333 0.000515983
0.2 60 0.00503914
0.2 66.6667 0.0338077
0.2 73.3333 0.161929
0.2 80 0.576603
0.2 86.6667 1.59308
0.2 93.3333 3.56563
0.2 100 6.73309
0.2 106.667 11.1173
0.2 113.333 16.5382
0.2 120 22.7081
0.2 126.667 29.3347
0.2 133.333 36.1851
0.2 140 43.106
0.2 146.667 50.0139
0.2 153.333 56.8748
0.2 160 63.6825
0.2 166.667 70.4445
0.2 173.333 77.1721
0.2 180 83.876
0.2 186.667 90.5648
0.2 193.333 97.245
0.2 200 103.921

0.233333 0 0
0.233333 6.66667 3.57283e-18
0.233333 13.3333 4.74159e-15
0.233333 20 1.7572e-12
0.233333 26.6667 2.70659e-10
0.233333 33.3333 2.079e-08
0.233333 40 8.86414e-07
0.233333 46.6667 2.25368e-05
0.233333 53.3333 0.000360194
0.233333 60 0.00377665
0.233333 66.6667 0.0269904
0.233333 73.3333 0.136542
0.233333 80 0.508871
0.233333 86.6667 1.45793
0.233333 93.3333 3.35448
0.233333 100 6.4629
0.233333 106.667 10.8221
0.233333 113.333 16.252
0.233333 120 22.4526
0.233333 126.667 29.1161
0.233333 133.333 35.9985
0.233333 140 42.9416
0.233333 146.667 49.862
0.233333 153.333 56.7276
0.233333 160 63.5355
0.233333 166.667 70.2954
0.233333 173.333 77.0202
0.233333 180 83.7214
0.233333 186.667 90.408
0.233333 193.333 97.0863
0.233333 200 103.761

0.266667 0 0
0.266667 6.66667 1.07183e-18
0.266667 13.3333 1.66948e-15
0.266667 20 7.11645e-13
0.266667 26.6667 1.2415e-10
0.266667 33.3333 1.06685e-08
0.266667 40 5.0368e-07
0.266667 46.6667 1.40534e-05
0.266667 53.3333 0.000244453
0.266667 60 0.00276694
0.266667 66.6667 0.0211673
0.266667 73.3333 0.113591
0.266667 80 0.44474
0.266667 86.6667 1.32541
0.266667 93.3333 3.14248
0.266667 100 6.18794
0.266667 106.667 10.5204
0.266667 113.333 15.9603
0.266667 120 22.1942
0.266667 126.667 28.8973
0.266667 133.333 35.8136
0.266667 140 42.7796
0.266667 146.667 49.712
0.266667 153.333 56.5818
0.266667 160 63.3891
0.266667 166.667 70.1464
0.266667 173.333 76.868
0.266667 180 83.5664
0.266667 186.667 90.2507
0.266667 193.333 96.9273
0.266667 200 103.6

0.3 0 0
0.3 6.66667 2.80745e-19
0.3 13.3333 5.27951e-16
0.3 20 2.64283e-13
0.3 26.6667 5.30555e-11
0.3 33.3333 5.16517e-09
0.3 40 2.72807e-07
0.3 46.6667 8.42496e-06
0.3 53.3333 0.000160664
0.3 60 0.00197561
0.3 66.6667 0.0162684
0.3 73.3333 0.0930641
0.3 80 0.384419
0.3 86.6667 1.19591
0.3 93.3333 2.92981
0.3 100 5.90797
0.3 106.667 10.2115
0.3 113.333 15.6625
0.3 120 21.9327
0.3 126.667 28.6786
0.3 133.333 35.6307
0.3 140 42.6201
0.3 146.667 49.5642
0.3 153.333 56.4373
0.3 160 63.2433
0.3 166.667 69.9973
0.3 173.333 76.7154
0.3 180 83.4109
0.3 186.667 90.0929
0.3 193.333 96.7678
0.3 200 103.439

0.333333 0 0
0.333333 6.66667 6.17707e-20
0.333333 13.3333 1.46106e-16
0.333333 20 8.8354e-14
0.333333 26.6667 2.08395e-11
0.333333 33.3333 2.33534e-09
0.333333 40 1.39743e-07
0.333333 46.6667 4.82622e-06
0.333333 53.3333 0.000101775
0.333333 60 0.00136965
0.333333 66.6667 0.0122185
0.333333 73.3333 0.0749277
0.333333 80 0.328119
0.333333 86.6667 1.06983
0.333333 93.3333 2.71669
0.333333 100 5.6227
0.333333 106.667 9.89484
0.333333 113.333 15.3582
0.333333 120 21.6682
0.333333 126.667 28.4602
0.333333 133.333 35.4501
0.333333 140 42.4635
0.333333 146.667 49.4187
0.333333 153.333 56.2942
0.333333 160 63.098
0.333333 166.667 69.8481
0.333333 173.333 76.5625
0.333333 180 83.2548
0.333333 186.667 89.9347
0.333333 193.333 96.608
0.333333 200 103.278

0.366667 0 0
0.366667 6.66667 1.07285e-20
0.366667 13.3333 3.40495e-17
0.366667 20 2.59142e-14
0.366667 26.6667 7.38751e-12
0.366667 33.3333 9.72978e-10
0.366667 40 6.70234e-08
0.366667 46.6667 2.62171e-06
0.366667 53.3333 6.17758e-05
0.366667 60 0.000917828
0.366667 66.6667 0.00893669
0.366667 73.3333 0.0591292
0.366667 80 0.27604
0.366667 86.6667 0.947674
0.366667 93.3333 2.50342
0.366667 100 5.33182
0.366667 106.667 9.56979
0.366667 113.333 15.0468
0.366667 120 21.4004
0.366667 126.667 28.2424
0.366667 133.333 35.2724
0.366667 140 42.3101
0.366667 146.667 49.2758
0.366667 153.333 56.1525
0.366667 160 62.9531
0.366667 166.667 69.6987
0.366667 173.333 76.4089
0.366667 180 83.0982
0.366667 186.667 89.7759
0.366667 193.333 96.4477
0.366667 200 103.117

0.4 0 0
0.4 6.66667 1.31091e-21
0.4 13.3333 6.28105e-18
0.4 20 6.41826e-15
0.4 26.6667 2.30396e-12
0.4 33.3333 3.66892e-10
0.4 40 2.97071e-08
0.4 46.6667 1.33741e-06
0.4 53.3333 3.56654e-05
0.4 60 0.000591186
0.4 66.6667 0.00633849
0.4 73.3333 0.0455921
0.4 80 0.228371
0.4 86.6667 0.829959
0.4 93.3333 2.29037
0.4 100 5.03502
0.4 106.667 9.2355
0.4 113.333 14.7277
0.4 120 21.1292
0.4 126.667 28.0256
0.4 133.333 35.098
0.4 140 42.1603
0.4 146.667 49.1355
0.4 153.333 56.0122
0.4 160 62.8085
0.4 166.667 69.5489
0.4 173.333 76.2548
0.4 180 82.9409
0.4 186.667 89.6165
0.4 193.333 96.287
0.4 200 102.955

0.433333 0 0
0.433333 6.66667 8.47605e-23
0.433333 13.3333 8.17599e-19
0.433333 20 1.26212e-15
0.433333 26.6667 6.08634e-13
0.433333 33.3333 1.22094e-10
0.433333 40 1.19551e-08
0.433333 46.6667 6.32534e-07
0.433333 53.3333 1.94008e-05
0.433333 60 0.000363439
0.433333 66.6667 0.00433662
0.433333 73.3333 0.0342148
0.433333 80 0.185279
0.433333 86.6667 0.71728
0.433333 93.3333 2.07801
0.433333 100 4.73199
0.433333 106.667 8.89102
0.433333 113.333 14.4
0.433333 120 20.8547
0.433333 126.667 27.8102
0.433333 133.333 34.9275
0.433333 140 42.0146
0.433333 146.667 48.998
0.433333 153.333 55.8732
0.433333 160 62.664
0.433333 166.667 69.3986
0.433333 173.333 76.0998
0.433333 180 82.7828
0.433333 186.667 89.4565
0.433333 193.333 96.1259
0.433333 200 102.794

0.466667 0 0
0.466667 6.66667 0
0.466667 13.3333 5.6507e-20
0.466667 20 1.75728e-16
0.466667 26.6667 1.28093e-13
0.466667 33.3333 3.45347e-11
0.466667 40 4.26078e-09
0.466667 46.6667 2.72595e-07
0.466667 53.3333 9.82047e-06
0.466667 60 0.000211316
0.466667 66.6667 0.00284294
0.466667 73.3333 0.0248687
0.466667 80 0.146899
0.466667 86.6667 0.610291
0.466667 93.3333 1.86693
0.466667 100 4.42239
0.466667 106.667 8.53528
0.466667 113.333 14.0628
0.466667 120 20.5765
0.466667 126.667 27.5968
0.466667 133.333 34.7617
0.466667 140 41.8734
0.466667 146.667 48.8634
0.466667 153.333 55.7353
0.466667 160 62.5194
0.466667 166.667 69.2476
0.466667 173.333 75.944
0.466667 180 82.6239
0.466667 186.667 89.2959
0.466667 193.333 95.9644
0.466667 200 102.631

0.5 0 0
0.5 6.66667 0
0.5 13.3333 0
0.5 20 1.30401e-17
0.5 26.6667 1.91607e-14
0.5 33.3333 7.81235e-12
0.5 40 1.29579e-09
0.5 46.6667 1.04455e-07
0.5 53.3333 4.54815e-06
0.5 60 0.000114816
0.5 66.6667 0.0017704
0.5 73.3333 0.0173979
0.5 80 0.113321
0.5 86.6667 0.509704
0.5 93.3333 1.65789
0.5 100 4.10591
0.5 106.667 8.16697
0.5 113.333 13.7151
0.5 120 20.2948
0.5 126.667 27.3861
0.5 133.333 34.6014
0.5 140 41.7372
0.5 146.667 48.7318
0.5 153.333 55.5984
0.5 160 62.3744
0.5 166.667 69.0957
0.5 173.333 75.7872
0.5 180 82.4643
0.5 186.667 89.1347
0.5 193.333 95.8024
0.5 200 102.469

0.533333 0 0
0.533333 6.66667 0
0.533333 13.3333 0
0.533333 20 0
0.533333 26.6667 1.53413e-15
0.533333 33.3333 1.26156e-12
0.533333 40 3.16556e-10
0.533333 46.6667 3.43079e-08
0.533333 53.3333 1.8815e-06
0.533333 60 5.73468e-05
0.533333 66.6667 0.00103529
0.533333 73.3333 0.0116204
0.533333 80 0.084575
0.533333 86.6667 0.416284
0.533333 93.3333 1.45185
0.533333 100 3.78228
0.533333 106.667 7.78456
0.533333 113.333 13.3556
0.533333 120 20.0093
0.533333 126.667 27.179
0.533333 133.333 34.4476
0.533333 140 41.6065
0.533333 146.667 48.6032
0.533333 153.333 55.4622
0.533333 160 62.2289
0.533333 166.667 68.9426
0.533333 173.333 75.6294
0.533333 180 82.3037
0.533333 186.667 88.9729
0.533333 193.333 95.64
0.533333 200 102.306

0.566667 0 0
0.566667 6.66667 0
0.566667 13.3333 0
0.566667 20 0
0.566667 26.6667 0
0.566667 33.3333 1.0958e-13
0.566667 40 5.54793e-11
0.566667 46.6667 9.0976e-09
0.566667 53.3333 6.70605e-07
0.566667 60 2.57211e-05
0.566667 66.6667 0.000559598
0.566667 73.3333 0.00732989
0.566667 80 0.060615
0.566667 86.6667 0.330837
0.566667 93.3333 1.25
0.566667 100 3.45128
0.566667 106.667 7.38623
0.566667 113.333 12.9827
0.566667 120 19.7202
0.566667 126.667 26.9767
0.566667 133.333 34.3014
0.566667 140 41.482
0.566667 146.667 48.4776
0.566667 153.333 55.3263
0.566667 160 62.0824
0.566667 166.667 68.7883
0.566667 173.333 75.4704
0.566667 180 82.1424
0.566667 186.667 88.8105
0.566667 193.333 95.4772
0.566667 200 102.143

0.6 0 0
0.6 6.66667 0
0.6 13.3333 0
0.6 20 0
0.6 26.6667 0
0.6 33.3333 0
0.6 40 5.25986e-12
0.6 46.6667 1.74071e-09
0.6 53.3333 1.94114e-07
0.6 60 9.99967e-06
0.6 66.6667 0.000273317
0.6 73.3333 0.00430127
0.6 80 0.0413007
0.6 86.6667 0.254179
0.6 93.3333 1.05386
0.6 100 3.11282
0.6 106.667 6.96974
0.6 113.333 12.5944
0.6 120 19.4274
0.6 126.667 26.7806
0.6 133.333 34.1644
0.6 140 41.3641
0.6 146.667 48.3546
0.6 153.333 55.1903
0.6 160 61.9344
0.6 166.667 68.6324
0.6 173.333 75.3102
0.6 180 81.9802
0.6 186.667 88.6476
0.6 193.333 95.314
0.6 200 101.98

0.633333 0 0
0.633333 6.66667 0
0.633333 13.3333 0
0.633333 20 0
0.633333 26.6667 0
0.633333 33.3333 0
0.633333 40 0
0.633333 46.6667 1.81375e-10
0.633333 53.3333 4.08179e-08
0.633333 60 3.1792e-06
0.633333 66.6667 0.00011654
0.633333 73.3333 0.00229766
0.633333 80 0.0263799
0.633333 86.6667 0.187095
0.633333 93.3333 0.865328
0.633333 100 2.76706
0.633333 106.667 6.53236
0.633333 113.333 12.1882
0.633333 120 19.1312
0.633333 126.667 26.5928
0.633333 133.333 34.0382
0.633333 140 41.2533
0.633333 146.667 48.234
0.633333 153.333 55.0536
0.633333 160 61.7847
0.633333 166.667 68.4749
0.633333 173.333 75.1489
0.633333 180 81.8174
0.633333 186.667 88.4842
0.633333 193.333 95.1505
0.633333 200 101.817

0.666667 0 0
0.666667 6.66667 0
0.666667 13.3333 0
0.666667 20 0
0.666667 26.6667 0
0.666667 33.3333 0
0.666667 40 0
0.666667 46.6667 0
0.666667 53.3333 4.71103e-09
0.666667 60 7.40204e-07
0.666667 66.6667 4.09748e-05
0.666667 73.3333 0.00108072
0.666667 80 0.015475
0.666667 86.6667 0.130274
0.666667 93.3333 0.686783
0.666667 100 2.41451
0.666667 106.667 6.07072
0.666667 113.333 11.761
0.666667 120 18.832
0.666667 126.667 26.4159
0.666667 133.333 33.9249
0.666667 140 41.15
0.666667 146.667 48.115
0.666667 153.333 54.9152
0.666667 160 61.6326
0.666667 166.667 68.3155
0.666667 173.333 74.9864
0.666667 180 81.6538
0.666667 186.667 88.3204
0.666667 193.333 94.9867
0.666667 200 101.653

0.7 0 0
0.7 6.66667 0
0.7 13.3333 0
0.7 20 0
0.7 26.6667 0
0.7 33.3333 0
0.7 40 0
0.7 46.6667 0
0.7 53.3333 0
0.7 60 9.54938e-08
0.7 66.6667 1.06534e-05
0.7 73.3333 0.000423387
0.7 80 0.00807698
0.7 86.6667 0.0842059
0.7 93.3333 0.521133
0.7 100 2.05635
0.7 106.667 5.58055
0.7 113.333 11.3085
0.7 120 18.5305
0.7 126.667 26.2534
0.7 133.333 33.8269
0.7 140 41.0543
0.7 146.667 47.9965
0.7 153.333 54.7743
0.7 160 61.4779
0.7 166.667 68.1544
0.7 173.333 74.823
0.7 180 81.4898
0.7 186.667 88.1563
0.7 193.333 94.8226
0.7 200 101.489

0.733333 0 0
0.733333 6.66667 0
0.733333 13.3333 0
0.733333 20 0
0.733333 26.6667 0
0.733333 33.3333 0
0.733333 40 0
0.733333 46.6667 0
0.733333 53.3333 0
0.733333 60 0
0.733333 66.6667 1.55274e-06
0.733333 73.3333 0.000124137
0.733333 80 0.00355518
0.733333 86.6667 0.0490532
0.733333 93.3333 0.371868
0.733333 100 1.69482
0.733333 106.667 5.05644
0.733333 113.333 10.8251
0.733333 120 18.228
0.733333 126.667 26.1104
0.733333 133.333 33.747
0.733333 140 40.9658
0.733333 146.667 47.8769
0.733333 153.333 54.6297
0.733333 160 61.3201
0.733333 166.667 67.9916
0.733333 173.333 74.6589
0.733333 180 81.3254
0.733333 186.667 87.9919
0.733333 193.333 94.6583
0.733333 200 101.324

0.766667 0 0
0.766667 6.66667 0
0.766667 13.3333 0
0.766667 20 0
0.766667 26.6667 0
0.766667 33.3333 0
0.766667 40 0
0.766667 46.6667 0
0.766667 53.3333 0
0.766667 60 0
0.766667 66.6667 0
0.766667 73.3333 2.07033e-05
0.766667 80 0.00118896
0.766667 86.6667 0.0244783
0.766667 93.3333 0.242999
0.766667 100 1.33395
0.766667 106.667 4.49148
0.766667 113.333 10.3025
0.766667 120 17.927
0.766667 126.667 25.9938
0.766667 133.333 33.6882
0.766667 140 40.883
0.766667 146.667 47.7539
0.766667 153.333 54.4802
0.766667 160 61.1593
0.766667 166.667 67.8275
0.766667 173.333 74.4941
0.766667 180 81.1607
0.766667 186.667 87.8272
0.766667 193.333 94.4936
0.766667 200 101.16

0.8 0 0
0.8 6.66667 0
0.8 13.3333 0
0.8 20 0
0.8 26.6667 0
0.8 33.3333 0
0.8 40 0
0.8 46.6667 0
0.8 53.3333 0
0.8 60 0
0.8 66.6667 0
0.8 73.3333 0
0.8 80 0.000230463
0.8 86.6667 0.00946348
0.8 93.3333 0.138782
0.8 100 0.98073
0.8 106.667 3.87685
0.8 113.333 9.72871
0.8 120 17.6317
0.8 126.667 25.9138
0.8 133.333 33.6535
0.8 140 40.8029
0.8 146.667 47.6243
0.8 153.333 54.3249
0.8 160 60.9958
0.8 166.667 67.6625
0.8 173.333 74.3292
0.8 180 80.9958
0.8 186.667 87.6623
0.8 193.333 94.3287
0.8 200 100.995

0.833333 0 0
0.833333 6.66667 0
0.833333 13.3333 0
0.833333 20 0
0.833333 26.6667 0
0.833333 33.3333 0
0.833333 40 0
0.833333 46.6667 0
0.833333 53.3333 0
0.833333 60 0
0.833333 66.6667 0
0.833333 73.3333 0
0.833333 80 0
0.833333 86.6667 0.00217418
0.833333 93.3333 0.0630189
0.833333 100 0.646921
0.833333 106.667 3.20184
0.833333 113.333 9.08405
0.833333 120 17.3505
0.833333 126.667 25.8858
0.833333 133.333 33.6448
0.833333 140 40.7197
0.833333 146.667 47.4846
0.833333 153.333 54.1639
0.833333 160 60.8306
0.833333 166.667 67.4972
0.833333 173.333 74.1639
0.833333 180 80.8305
0.833333 186.667 87.4971
0.833333 193.333 94.1636
0.833333 200 100.83

0.866667 0 0
0.866667 6.66667 0
0.866667 13.3333 0
0.866667 20 0
0.866667 26.6667 0
0.866667 33.3333 0
0.866667 40 0
0.866667 46.6667 0
0.866667 53.3333 0
0.866667 60 0
0.866667 66.6667 0
0.866667 73.3333 0
0.866667 80 0
0.866667 86.6667 0
0.866667 93.3333 0.0176047
0.866667 100 0.351599
0.866667 106.667 2.45518
0.866667 113.333 8.33403
0.866667 120 17.1009
0.866667 126.667 25.933
0.866667 133.333 33.6593
0.866667 140 40.6234
0.866667 146.667 47.3317
0.866667 153.333 53.9983
0.866667 160 60.665
0.866667 166.667 67.3317
0.866667 173.333 73.9983
0.866667 180 80.665
0.866667 186.667 87.3316
0.866667 193.333 93.9981
0.866667 200 100.664

0.9 0 0
0.9 6.66667 0
0.9 13.3333 0
0.9 20 0
0.9 26.6667 0
0.9 33.3333 0
0.9 40 0
0.9 46.6667 0
0.9 53.3333 0
0.9 60 0
0.9 66.6667 0
0.9 73.3333 0
0.9 80 0
0.9 86.6667 0
0.9 93.3333 0
0.9 100 0.123686
0.9 106.667 1.63215
0.9 113.333 7.40977
0.9 120 16.9243
0.9 126.667 26.0899
0.9 133.333 33.6819
0.9 140 40.4992
0.9 146.667 47.1658
0.9 153.333 53.8325
0.9 160 60.4992
0.9 166.667 67.1658
0.9 173.333 73.8325
0.9 180 80.4992
0.9 186.667 87.1658
0.9 193.333 93.8323
0.9 200 100.499

0.933333 0 0
0.933333 6.66667 0
0.933333 13.3333 0
0.933333 20 0
0.933333 26.6667 0
0.933333 33.3333 0
0.933333 40 0
0.933333 46.6667 0
0.933333 53.3333 0
0.933333 60 0
0.933333 66.6667 0
0.933333 73.3333 0
0.933333 80 0
0.933333 86.6667 0
0.933333 93.3333 0
0.933333 100 0
0.933333 106.667 0.761147
0.933333 113.333 6.1526
0.933333 120 16.9333
0.933333 126.667 26.3972
0.933333 133.333 33.6664
0.933333 140 40.3331
0.933333 146.667 46.9997
0.933333 153.333 53.6664
0.933333 160 60.3331
0.933333 166.667 66.9997
0.933333 173.333 73.6664
0.933333 180 80.3331
0.933333 186.667 86.9997
0.933333 193.333 93.6663
0.933333 200 100.333

0.966667 0 0
0.966667 6.66667 0
0.966667 13.3333 0
0.966667 20 0
0.966667 26.6667 0
0.966667 33.3333 0
0.966667 40 0
0.966667 46.6667 0
0.966667 53.3333 0
0.966667 60 0
0.966667 66.6667 0
0.966667 73.3333 0
0.966667 80 0
0.966667 86.6667 0
0.966667 93.3333 0
0.966667 100 0
0.966667 106.667 0
0.966667 113.333 4.13667
0.966667 120 17.4867
0.966667 126.667 26.8333
0.966667 133.333 33.5
0.966667 140 40.1667
0.966667 146.667 46.8333
0.966667 153.333 53.5
0.966667 160 60.1667
0.966667 166.667 66.8333
0.966667 173.333 73.5
0.966667 180 80.1667
0.966667 186.667 86.8333
0.966667 193.333 93.5
0.966667 200 100.167

1 0 0
1 6.66667 0
1 13.3333 0
1 20 0
1 26.6667 0
1 33.3333 0
1 40 0
1 46.6667 0
1 53.3333 0
1 60 0
1 66.6667 0
1 73.3333 0
1 80 0
1 86.6667 0
1 93.3333 0
1 100 0
1 106.667 0
1 113.333 0
1 120 20
1 126.667 26.6667
1 133.333 33.3333
1 140 40
1 146.667 46.6667
1 153.333 53.3333
1 160 60
1 166.667 66.6667
1 173.333 73.3333
1 180 80
1 186.667 86.6667
1 193.333 93.3333
1 200 100

