0 0 0.951229
0 20 0.951099
0 40 0.949871
0 60 0.918607
0 80 0.685861
0 100 0.200803
0 120 0.04478
0 140 0.00873921
0 160 0.00155769
0 180 0.000251372
0 200 0

0.1 0 0.955997
0.1 20 0.955883
0.1 40 0.954986
0.1 60 0.928649
0.1 80 0.706085
0.1 100 0.192048
0.1 120 0.0390571
0.1 140 0.00684696
0.1 160 0.00107701
0.1 180 0.000150714
0.1 200 0

0.2 0 0.960789
0.2 20 0.960689
0.2 40 0.960065
0.2 60 0.938481
0.2 80 0.728039
0.2 100 0.181757
0.2 120 0.0331976
0.2 140 0.00512465
0.2 160 0.000692294
0.2 180 8.06836e-05
0.2 200 0

0.3 0 0.965605
0.3 20 0.965519
0.3 40 0.965111
0.3 60 0.948043
0.3 80 0.75194
0.3 100 0.169669
0.3 120 0.0272768
0.3 140 0.00360751
0.3 160 0.000402252
0.3 180 3.66162e-05
0.3 200 0

0.4 0 0.970446
0.4 20 0.970372
0.4 40 0.970128
0.4 60 0.957264
0.4 80 0.778034
0.4 100 0.155481
0.4 120 0.0214004
0.4 140 0.00232983
0.4 160 0.000201282
0.4 180 1.27234e-05
0.4 200 0

0.5 0 0.97531
0.5 20 0.975248
0.5 40 0.975121
0.5 60 0.966066
0.5 80 0.806606
0.5 100 0.138828
0.5 120 0.0157135
0.5 140 0.00132139
0.5 160 7.8738e-05
0.5 180 2.59239e-06
0.5 200 0

0.6 0 0.980199
0.6 20 0.980149
0.6 40 0.980096
0.6 60 0.974355
0.6 80 0.837981
0.6 100 0.119277
0.6 120 0.0104141
0.6 140 0.000601896
0.6 160 1.85834e-05
0.6 180 0
0.6 200 0

0.7 0 0.985112
0.7 20 0.985075
0.7 40 0.985061
0.7 60 0.982025
0.7 80 0.872537
0.7 100 0.0963086
0.7 120 0.00576911
0.7 140 0.000172069
0.7 160 0
0.7 180 0
0.7 200 0

0.8 0 0.99005
0.8 20 0.990025
0.8 40 0.990025
0.8 60 0.988954
0.8 80 0.910708
0.8 100 0.0693
0.8 120 0.0021375
0.8 140 0
0.8 160 0
0.8 180 0
0.8 200 0

0.9 0 0.995012
0.9 20 0.995
0.9 40 0.995
0.9 60 0.995
0.9 80 0.953
0.9 100 0.0375
0.9 120 0
0.9 140 0
0.9 160 0
0.9 180 0
0.9 200 0

1 0 1
1 20 1
1 40 1
1 60 1
1 80 1
1 100 0
1 120 0
1 140 0
1 160 0
1 180 0
1 200 0

