0 0 0
0 20 7.64254e-07
0 40 0.00012813
0 60 0.00499203
0 80 0.0648634
0 100 0.324901
0 120 0.706076
0 140 0.877795
0 160 0.932354
0 180 0.947012
0 200 0.951229

0.1 0 0
0.1 20 4.01621e-07
0.1 40 8.13883e-05
0.1 60 0.00372688
0.1 80 0.0555725
0.1 100 0.310558
0.1 120 0.717882
0.1 140 0.890308
0.1 160 0.94069
0.1 180 0.952912
0.1 200 0.955997

0.2 0 0
0.2 20 1.87727e-07
0.2 40 4.79076e-05
0.2 60 0.00265279
0.2 80 0.0463669
0.2 100 0.293965
0.2 120 0.731527
0.2 140 0.903407
0.2 160 0.9489
0.2 180 0.958681
0.2 200 0.960789

0.3 0 0
0.3 20 7.40872e-08
0.3 40 2.54014e-05
0.3 60 0.00177226
0.3 80 0.0373695
0.3 100 0.27469
0.3 120 0.747458
0.3 140 0.917041
0.3 160 0.956894
0.3 180 0.964293
0.3 200 0.965605

0.4 0 0
0.4 20 2.22929e-08
0.4 40 1.15544e-05
0.4 60 0.00108381
0.4 80 0.0287358
0.4 100 0.252203
0.4 120 0.766248
0.4 140 0.931102
0.4 160 0.964566
0.4 180 0.96973
0.4 200 0.970446

0.5 0 0
0.5 20 3.91584e-09
0.5 40 4.09162e-06
0.5 60 0.00058067
0.5 80 0.020663
0.5 100 0.225854
0.5 120 0.78863
0.5 140 0.945399
0.5 160 0.971806
0.5 180 0.974989
0.5 200 0.97531

0.6 0 0
0.6 20 0
0.6 40 8.70188e-07
0.6 60 0.000249208
0.6 80 0.0133988
0.6 100 0.194837
0.6 120 0.815556
0.6 140 0.959611
0.6 160 0.978505
0.6 180 0.980091
0.6 200 0.980199

0.7 0 0
0.7 20 0
0.7 40 0
0.7 60 6.69375e-05
0.7 80 0.0072555
0.7 100 0.158155
0.7 120 0.848262
0.7 140 0.973225
0.7 160 0.98458
0.7 180 0.985081
0.7 200 0.985112

0.8 0 0
0.8 20 0
0.8 40 0
0.8 60 0
0.8 80 0.002625
0.8 100 0.114563
0.8 120 0.888365
0.8 140 0.985436
0.8 160 0.990025
0.8 180 0.990027
0.8 200 0.99005

0.9 0 0
0.9 20 0
0.9 40 0
0.9 60 0
0.9 80 0
0.9 100 0.0625
0.9 120 0.938
0.9 140 0.995
0.9 160 0.995
0.9 180 0.995
0.9 200 0.995012

1 0 0
1 20 0
1 40 0
1 60 0
1 80 0
1 100 0
1 120 1
1 140 1
1 160 1
1 180 1
1 200 1

