0 0 0
0 20 1.64462e-05
0 40 0.00284669
0 60 0.11632
0 80 1.63231
0 100 9.35676
0 120 25.8473
0 140 45.0717
0 160 64.9196
0 180 84.8891
0 200 104.877

0.1 0 0
0.1 20 8.52122e-06
0.1 40 0.00177816
0.1 60 0.0850652
0.1 80 1.36174
0.1 100 8.63488
0.1 120 25.2397
0.1 140 44.5533
0.1 160 64.4319
0.1 180 84.4098
0.1 200 104.4

0.2 0 0
0.2 20 3.92613e-06
0.2 40 0.00102898
0.2 60 0.05929
0.2 80 1.1057
0.2 100 7.88168
0.2 120 24.6289
0.2 140 44.0364
0.2 160 63.9439
0.2 180 83.9287
0.2 200 103.921

0.3 0 0
0.3 20 1.52696e-06
0.3 40 0.000536203
0.3 60 0.038772
0.3 80 0.866747
0.3 100 7.09289
0.3 120 24.0167
0.3 140 43.5219
0.3 160 63.4554
0.3 180 83.4457
0.3 200 103.439

0.4 0 0
0.4 20 4.52672e-07
0.4 40 0.000239636
0.4 60 0.0231998
0.4 80 0.647876
0.4 100 6.26342
0.4 120 23.4052
0.4 140 43.0102
0.4 160 62.9664
0.4 180 82.9607
0.4 200 102.955

0.5 0 0
0.5 20 7.83169e-08
0.5 40 8.33466e-05
0.5 60 0.0121569
0.5 80 0.45257
0.5 100 5.38729
0.5 120 22.7973
0.5 140 42.5019
0.5 160 62.4765
0.5 180 82.4735
0.5 200 102.469

0.6 0 0
0.6 20 0
0.6 40 1.74038e-05
0.6 60 0.00510064
0.6 80 0.284909
0.6 100 4.45733
0.6 120 22.1968
0.6 140 41.9972
0.6 160 61.9853
0.6 180 81.984
0.6 200 101.98

0.7 0 0
0.7 20 0
0.7 40 0
0.7 60 0.00133875
0.7 80 0.149678
0.7 100 3.46498
0.7 120 21.6088
0.7 140 41.496
0.7 160 61.4925
0.7 180 81.4919
0.7 200 101.489

0.8 0 0
0.8 20 0
0.8 40 0
0.8 60 0
0.8 80 0.0525
0.8 100 2.4
0.8 120 21.0403
0.8 140 40.9975
0.8 160 60.9975
0.8 180 80.9973
0.8 200 100.995

0.9 0 0
0.9 20 0
0.9 40 0
0.9 60 0
0.9 80 0
0.9 100 1.25
0.9 120 20.5
0.9 140 40.5
0.9 160 60.5
0.9 180 80.5
0.9 200 100.499

1 0 0
1 20 0
1 40 0
1 60 0
1 80 0
1 100 0
1 120 20
1 140 40
1 160 60
1 180 80
1 200 100

